# 100/100 iterations complete ✅ (251862.15s)
# Results saved to /data/inha/team03/workspace/pcb-defect-inspection/runs/tune
# Best fitness=0.80423 observed at iteration 96
# Best fitness metrics are {'metrics/precision(B)': 0.95472, 'metrics/recall(B)': 0.91947, 'metrics/mAP50(B)': 0.95957, 'metrics/mAP50-95(B)': 0.80423, 'val/box_loss': 0.67117, 'val/cls_loss': 0.27012, 'val/dfl_loss': 0.00277, 'fitness': 0.80423}
# Best fitness model is /data/inha/team03/workspace/pcb-defect-inspection/runs/tune/weights
lr0: 0.00302
lrf: 0.01199
momentum: 0.80234
weight_decay: 0.00053
warmup_epochs: 4.48591
warmup_momentum: 0.95
box: 7.87952
cls: 0.37333
cls_pw: 0.02866
dfl: 1.91088
hsv_h: 0.023
hsv_s: 0.45353
hsv_v: 0.66066
degrees: 0.01553
translate: 0.09454
scale: 0.29856
shear: 0.0
perspective: 0.0
flipud: 0.00033
fliplr: 0.23179
bgr: 0.00516
mosaic: 1.0
mixup: 0.00123
cutmix: 0.00106
copy_paste: 0.0
close_mosaic: 6
